1992	29.00827821159472
1990	20.61996801413357
1994	17.050440050893286
1994	15.54742577541709
2013	25.027999236587412
2000	-2.8853416252284125
1997	31.698355616740642
2001	20.009029282021398
2013	5.849216935099397
1990	35.44905410367722
2014	27.443693994363883
2001	8.468271819394072
1996	31.075800848492847
2003	24.867558986752265
2009	20.767235674477877
1999	17.53665519401692
2003	30.44250399053923
2012	2.3098141046021965
2021	6.672012840354629
1992	13.960659637487652
2016	20.662320481595106
1991	-0.9372455606796919
1994	13.201852952159285
1998	25.582053805446286
2018	17.336791905132696
2009	7.037267170882615
2003	14.191510656870136
2019	-9.53237534747496
2019	-3.038957008741013
2020	36.73726569899594
2003	7.453578868838999
2020	-2.02748968460408
2006	29.602278815625972
2003	28.920028192769415
2012	36.5979714819494
1993	1.1829919529378756
2000	4.598861506305038
1998	29.206928008279505
1994	-3.489261476525809
2005	-0.4904146755919232
1994	7.9698419971459415
2006	5.408397963219667
2006	-8.178357130930499
2011	26.349765869608596
2018	27.75222000849665
2008	20.268071721875856
2021	31.118213157003467
2003	31.24425674826292
2010	-3.4779448644862123
2011	4.102164367178599
2007	-7.684785257119783
2011	30.90536390376662
2018	33.882690533703155
2021	-8.784214567333128
2019	20.955418282093383
2017	2.3328135475948564
1990	34.500170443024004
1991	-1.360567103867874
2015	2.396531643308295
2022	-6.922895405442844
1996	30.34434959906593
2021	-8.946464541767638
2000	26.619050470718975
2002	-5.629301110365839
1996	-8.461534094332698
2003	12.54563096315388
2005	-8.902873243106571
2009	38.71000788069088
1995	-7.696899993470304
2007	37.00064631032786
2004	27.844891788169946
2005	35.4347003688772
2021	6.072980450283165
2005	29.319275882218086
1996	12.563635580653663
1990	-2.5854615502150144
1999	-6.032038445165163
2019	38.1736240094744
2003	23.49404405718144
2011	24.338531403919603
2003	31.63556479612179
2008	26.135736203813714
1993	-0.3866427552146412
1997	-8.693051772710461
2001	23.695708976999697
1992	39.63762000724195
2004	6.58260913113531
2019	37.22924017665691
1996	19.874024231968573
2021	27.229204709080037
1996	-4.551587631715001
1997	18.3580539583992
1997	-3.2974766242550935
2021	33.015546051256436
2008	-4.106308334500905
2005	19.193811831182952
2009	-0.874943904884347
2019	34.489134586673195
2007	-8.07496182611134
2019	16.99095998989519
1991	0.14505278637803443
2001	35.15962221673791
2015	11.635489148103115
2009	19.458495392741675
2017	7.7396021449401715
1996	0.5397480480343972
2022	4.799663673825087
1999	2.6845744363941257
2021	15.586683617280958
1990	5.35031075763057
1991	26.85310976200669
1997	20.691859498593306
2020	36.61371224376624
2022	23.519477520306488
1993	37.87884801795759
2013	-5.635465430282846
2016	25.179066655217213
2012	-8.24256985862973
2014	2.124735256144392
1991	14.573696574243886
1997	14.40609464504082
2002	25.68425888965872
1992	18.539071403491974
1998	13.012243516246862
1992	36.145750715369985
2011	-2.208923854617753
2019	-4.896255241110356
1995	13.674467818599638
1995	32.81852484488257
2009	31.987955872584187
2020	33.100561570400615
1993	-3.8366291235810115
2018	21.042362712893222
1996	-1.2319243784467488
2005	31.82967192064293
2014	31.807359660802476
2007	26.089071576437476
2019	-4.151672498775691
2006	-6.363584697697652
2014	20.642941356796268
2005	33.11924903197163
2021	36.636990992510604
2018	8.95395518722966
2015	27.92555964424779
1994	-2.567920539768428
2001	13.690929258089
1990	19.409364629351554
2019	19.884011582502573
2019	0.871000618771582
2004	14.6603268569561
2007	-0.33874124600624356
2004	1.6367939378104364
2022	17.47303285042731
1995	17.026787872539227
1991	-2.332373706107285
2015	-8.087208756423433
2016	10.447832936081234
2000	21.83910084613449
2009	4.143882646350981
2022	0.10938394560199605
1994	32.89700657643292
2005	26.178598757989654
1990	-5.640024787396971
1995	2.3372715811941376
2022	-3.513290562436274
1998	-3.7598892772715518
2004	15.920051693975516
1991	36.86936196187107
1992	-1.6581508157760467
2011	31.19750526988058
2007	13.710857046978134
2013	0.6885058004671407
2021	25.13606270674982
1997	-4.71088994885522
1994	13.41898034164305
2010	23.99083799397001
2005	38.85870189733833
2001	28.28674754120714
1992	19.153768054225456
2003	27.27923613533671
2004	2.509664410481246
1997	-2.371901002056572
2011	3.290314410173954
1994	29.432521840651432
2017	6.755770419846634
2010	6.61472491165895
2016	34.43336404172831
2019	16.042329471725527
2002	32.67939704384299
1991	11.794427593169502
1997	29.050757262915283
2013	8.943420620285213
2000	25.762391648683973
2004	11.124356752829872
2020	20.93287653854368
2018	0.06886217009769702
2004	24.547997110146923
2012	33.94533748506254
2013	6.8010566265839145
2021	21.04478789459155
2015	-5.18665402504769
2020	8.559409313226244
1995	-1.0401464331368313
1991	-1.7035936558599492
1996	19.98935656223951
2005	6.126250522951601
2001	12.875612539272268
2003	3.855727305542736
1996	8.713014279839523
2015	18.51551384783559
2015	8.72350864405718
2000	2.4881219354786026
2007	16.23566153527378
2011	-9.113919727066035
2022	13.914405709541121
1996	19.10295033775256
2011	24.820155866370435
2022	29.404130922737565
2021	-5.613971017263966
2020	-4.877818324898139
2002	-3.088425447095535
2010	25.048076228397306
1999	-8.935036375840301
2002	-2.547294296462473
2001	-3.871865343418687
1993	7.611478860530134
2003	12.271064530859285
2000	24.5984705148782
2015	-8.766649979089289
2021	12.057045829855625
2007	0.4164526974471876
2002	15.036907593154904
1995	7.143971727186031
1994	4.963458892079618
2018	7.6098654312425715
2000	9.223628251035805
1998	37.07234074056474
2017	22.164492731982413
2017	-3.3191300627214835
1992	19.782154686183627
2009	25.223964654318287
1995	14.693470851561944
2011	-3.214494666905595
2017	9.170647154892471
2006	3.4395608683893837
2019	37.213924211283306
2005	26.065799011708116
1991	6.713961594150472
2003	4.510460741065877
2022	36.32972348285656
2015	22.30604311992758
2011	17.31539208592989
2011	39.219212043840635
2009	39.27471455447475
1990	23.754583242984232
1992	33.6783060796416
2022	39.06855464019434
2018	12.876496174889528
2008	34.773909974070556
1990	5.870444729940768
1998	19.859223687318586
1996	6.153185160506727
1998	14.082348158888493
1995	4.8040391034090675
2006	32.210348387531916
2005	-6.3739159344283
2010	14.777973096738855
2016	-2.1272957981602136
2002	9.061904640510047
2020	26.474066947882235
2003	38.37175300182458
1990	25.345217102280472
2012	26.25504505261378
2011	5.801682020637786
1993	3.890485323743441
2014	9.422358189731636
1995	15.780289793714513
1998	2.0695832384460022
2013	11.160094341687302
2007	5.486802300027353
2017	28.54759434819797
2015	15.519868795871016
2007	37.72289969029185
2022	38.094938747552426
2001	5.5133150422968935
2010	5.572281502177576
2010	-7.009168008452484
2002	0.5213892700369183
2000	12.485484175621316
2011	33.117824170052806
2019	39.12107111292151
2006	-0.8266894312665443
2001	36.871550038868286
2011	25.08390026207607
1996	37.76578388733525
2019	31.20060032809102
2008	23.7466172224527
2014	-5.790909995845524
1997	22.75808477222592
2013	30.261142637613567
1994	38.94985832245114
2012	-5.10861255132414
2013	24.294823108515097
2005	24.88891491693095
1993	37.3859975006998
2015	37.81325134003801
2020	34.77400328274858
2006	0.6490741461466314
2013	-7.163404381336277
2004	23.02763927070896
2016	33.143259617998645
2008	17.629249316041733
2011	1.1446804713498437
2012	-6.570701289980954
2011	14.200148093368856
2003	37.993066874750376
1998	33.662772337234536
2004	34.02762776375464
2019	25.30960172647746
2002	20.174665113871118
1991	-0.9528562374022638
1996	31.66490356953308
2008	31.19791796008319
2008	21.950654225218493
2014	29.470869458728167
2019	15.056338679523883
1991	32.00403231298229
1992	-1.1676901646214226
1999	6.142228624835347
2001	7.054055505170631
2000	-6.5841176691164645
2019	6.937600918016631
2000	2.1383825814577744
2014	14.81044104318088
2002	-8.019327475365547
2018	-0.31403361506063554
2018	18.87017095142318
2002	39.071076225692224
1999	34.83248420238614
1991	15.057922515799586
2012	-8.9146076071228
2016	17.740614189436837
1993	1.1950508982277483
1992	21.007597803728647
2018	12.109285329073408
2009	1.6088979559439913
2003	0.5369811707206047
2014	-8.565029057758263
1993	12.32604330072867
2008	17.95508037978524
1999	4.971993700538006
2015	21.728754277688008
2009	13.237205644407261
1991	26.510943484226303
1992	32.58336304351623
2016	6.529652549084041
2001	9.115228184009268
2016	-1.6303355048832415
2004	8.113734287112653
2007	14.30571462478716
1999	24.655950950281515
2013	-9.35174953150831
2019	19.47297865754376
2019	31.49396514499385
2015	-0.5292422481794592
2001	25.179483649489768
2011	1.6587150887761997
2001	14.719240565253148
1992	38.46376632411673
1995	15.118749060606987
1992	25.969234335116035
1992	18.348576409002806
2013	9.115593920992975
1996	34.644156974599
2009	17.03386192557224
2021	19.64486503298207
2014	35.9692233036061
2000	29.787346177374857
2014	31.37829532771378
2020	20.586969394360136
1994	1.6142827400564634
2006	29.57151542671285
2006	4.587638998664316
2008	21.199101347613677
2006	34.84448359848707
1998	32.13866772523044
2021	22.976616608788987
2000	5.493062141021019
2002	-6.026900536533388
2000	-7.548606159826029
2020	11.662998253718591
1997	35.744241378875124
1998	20.778820196670974
2003	17.87697328912885
2002	5.725401722800564
2018	7.704019137848313
1997	10.081179269781263
2017	30.25091963139615
2007	5.114801608908174
2017	8.421326529633813
2021	11.162120691477536
2021	30.371736932667382
2015	8.08249631894039
2014	-9.973461428346416
2019	-8.707913703489837
2002	35.152268531487124
1997	17.849572099198266
1996	-2.2489131424701734
2017	26.1923991816915
1998	11.589416064741506
1994	-2.7040440534501853
2011	-9.58479507134157
2010	19.480266247437154
2010	6.094007797968029
1991	11.533682644819198
2014	13.886833942805751
2012	28.01423861995466
2002	31.157693804827893
2006	24.574361056219033
2004	35.15429766943053
1995	15.0450469422322
2017	3.608653019683908
2009	-5.227621410590463
2013	35.461773260713066
1992	18.789762890911675
1993	7.574677611398236
2021	37.47578141254522
2003	25.188037097604003
2002	22.40091997937313
2006	17.896179269340106
2014	2.953749991867685
2020	10.802755072887358
2022	23.09533830702747
2018	-8.477028534372263
2020	-5.644194404800309
2019	7.8084723767693625
2002	12.863978919374095
2005	16.888226904239875
2005	17.19886933764517
2001	8.63834310615226
2016	-7.085200644682828
2008	26.901020598293748
1998	1.1888395733655113
2007	38.33060272950533
2017	25.558373447819577
1996	12.397958707158477
1990	-3.5004358647693987
2014	11.24354136153342
2022	16.909257339629505
2022	16.825042097241752
2010	39.13610975072551
2011	25.76495778059642
1991	25.177878034102186
2006	-3.0519470308348806
1990	23.225148686851718
2002	7.766855844078066
1990	9.827925187003913
2013	32.914865703685535
1993	36.764598032410234
2019	36.39512549549528
1994	10.010060948838888
2003	37.577448854238455
2018	-3.8078020827404107
2019	24.90709467795444
2011	-8.232523619249983
2021	25.751175503780722
1999	-1.370671920855651
2002	9.79357303439155
1996	2.155353263875506
1996	9.635344833686187
2016	25.12588561275171
1991	36.22930012531107
2014	1.972202939396631
2002	35.38685476277957
2011	16.82069446689304
2021	1.650660148531239
2002	28.80462701458606
1995	21.305520784774966
1991	2.69275774028279
2004	4.881551419498445
2018	32.48887630300368
1996	6.264551359744029
2020	-4.288524907650418
2007	26.263959606439336
2015	20.7028782053539
1995	18.14918113741689
2008	37.520991969584394
2003	-0.23463554995185198
2002	-3.322759781039749
1992	0.23390093562818137
2020	-7.392077449772657
1999	19.43275509751901
2004	21.37790930949355
1992	22.275235780843758
1997	33.23880205228897
2012	-9.919429825971074
1995	19.78408351159194
2014	22.374108586751014
1990	-5.390213895160941
2017	31.951732347695142
2017	37.96259778740571
2022	8.777373465139885
2017	15.017716283910296
2014	26.736408075886445
2005	8.561317127443022
2008	2.6851056498746786
2010	7.645813754221816
1996	4.349772593130094
1994	25.688759707970675
2022	27.026529378269586
1995	15.844956681405339
2017	26.756173892240163
2018	-7.652259389079093
2000	37.56122405850872
2001	16.30101872381499
1990	39.88440737828995
1996	16.090516651026043
2010	25.664723185275278
2011	14.429689135876593
2016	2.7382049319535398
2016	34.61526413437751
2003	13.347937614648938
2018	19.889927540153515
2003	30.979310997475984
1991	-4.28906704998608
2004	6.279104369338793
1995	0.07439397390981206
2008	15.830042674574837
2011	13.425990253219009
2006	37.213320010305395
1999	-8.097541136177613
2020	12.241856225772082
2008	25.651282433203058
1991	3.066931301332014
2009	-0.5717513163376626
2010	36.42427925663903
1995	16.3394827353797
2010	15.658523636691942
2006	9.459818700988997
2000	3.321726250438603
2006	13.714077537261147
2005	7.061422842716063
2017	21.114180422247806
2002	29.97691621512238
2017	-0.7101842522371911
2012	22.87560134116032
2010	34.489482992060175
2014	-1.9817144221468812
2000	33.01281945719319
2022	26.857207026897697
1991	-6.435179464055248
2016	-4.674994303089244
2001	21.010775102619736
2004	12.93779689290351
2011	36.22997111973734
2009	-8.279232198735212
1994	17.146076607311358
1998	-0.21684344612572737
1990	18.411241810109406
2010	38.05469313060072
1996	14.952520560185238
1993	28.384611981567154
2021	-7.263380407699762
2010	14.939841009427603
1999	-6.658006797474306
2017	20.190239151435343
2012	-8.004996422945423
2022	11.6882489354054
2011	11.775785438516081
2021	21.94003275358962
1999	37.28151860770587
2012	19.81637571883862
1993	31.344709679255395
2020	30.973330850065338
2014	20.973459265418622
1998	32.03527673441892
1995	38.148131363693366
1993	27.68380090940898
2007	0.19953519538464626
2016	29.85857431965517
2022	37.552447095744256
1994	1.6458915997032904
2009	2.388941586595365
2013	26.17576624466085
2008	-5.048436139276992
2022	30.02669722078528
2013	19.444938517597034
1995	-2.276664548203402
2018	21.608211823746007
1993	0.45825349168730334
2002	27.983005744348134
2022	37.72254586578852
2009	36.65124615107498
2002	23.84182395828718
2000	-0.6965821109608612
2016	22.10544567139287
2010	32.13188837243118
2021	27.8498076800294
2006	15.622414897266921
2008	39.16903634360391
2012	9.017543783329653
2006	36.57236526014258
2004	-1.0109962237509116
1996	6.48744905405411
2011	13.925092618537132
1991	-5.5425210772412274
2013	20.662029502330025
2006	26.78074230436895
2002	15.12937084767788
2017	7.531727021036463
2018	13.811220119186803
1997	8.764266034117483
2022	7.8778847844960325
1998	30.694699281085008
2009	32.0235040509665
1991	18.04675410241782
2005	0.9178294212457061
1997	13.494010681407858
1998	18.896376774678135
1994	10.531050682577401
2012	15.233480759831867
2007	9.919829772006594
2021	27.222115059714653
2001	25.009010671607186
2000	8.878063417196945
2011	20.10257660444636
1997	35.05058599083092
2012	-1.0772985888767312
1993	23.42846686705513
1996	16.40141189585664
1991	2.9429166695088185
1998	-6.024210722812725
1997	-8.640108078106598
2007	3.007577768867378
2016	25.166785104716006
2007	27.544245998577388
2010	28.28289243357751
2002	19.579368120136795
2006	33.554488592599604
1999	1.240287387881482
2019	-0.4410771685346013
2003	19.242391525504107
2009	3.0708795185590816
1998	18.25594887234706
2000	34.827316293272965
1999	4.60756005857553
1991	-0.0338223355238938
2017	25.469572224719478
1995	-6.5727047006951835
2017	4.080122833484477
2021	-7.9666415483602115
2003	4.3643104748434105
2007	-1.397299703146217
1997	19.221594687344165
2006	22.519403177669567
1990	15.025835742498163
2012	-0.8243338143217063
2005	-6.977611280121767
2015	38.395793271883164
1992	19.00633934413181
2003	2.531403085372455
2022	37.94610904272063
2010	-6.934934355135111
2013	0.07846179030317835
2007	27.169054805871767
1991	17.861152573186352
2014	11.846743980306872
2003	35.76259887433729
1990	20.236311765911278
1992	28.686413445002074
1990	15.9234144593037
2000	37.677187340527674
1996	-3.3477259862733
2012	17.82542812103086
1999	25.995232411763837
2022	31.953411461436467
2001	28.356577262464157
1997	6.264509669922024
2019	18.795753403451478
1994	-6.600359839978466
2005	8.0332302564217
1999	18.319571340445147
1991	-6.974153412994152
2013	-5.520330518959784
2003	5.82130173785678
2012	20.834283932179307
2004	-4.968761776112842
1990	22.862797654202566
2017	5.615747080343468
2019	29.637649080381948
1991	26.345857575574534
2016	25.220449805699793
1992	6.201021483627066
2011	15.390327449022443
2009	17.581521421756232
2011	3.648430606786926
2003	25.208284229918846
2008	20.90305947251052
2016	-7.093548488614479
2003	9.740357449157091
1998	-9.08632480725888
1995	22.14885480266932
1998	38.55567009816428
2003	26.198980539401504
1991	23.333495979986303
2021	14.15974760538715
1991	29.350684381089543
1992	38.8740653260403
2011	38.881476320444925
2000	27.253994267528782
2021	18.06660163492476
2020	-7.935973826714207
2008	-8.033075956004884
1994	-8.672817756316261
2019	23.285789603739893
1999	-6.6132093606440865
2001	6.632292484982607
2005	36.92520263753523
2006	38.83308256659268
2004	11.469922525120111
1992	14.501514075704073
2013	34.480508898519886
2017	36.39994848742817
2018	37.84965805780048
2014	27.884027094743175
2019	16.273756803563092
2006	-5.4798659787552015
2002	10.371437413971822
2019	21.290192052872662
1998	38.378729152981094
1996	17.894281427165247
2004	16.5101724224044
2018	35.90416491665073
2007	24.162556048139763
2011	35.896492609010764
2022	10.967640930809399
2018	-5.0837029200906905
1999	9.04725573393453
2007	-6.400574453638821
2022	-2.9158801910732466
1991	22.86031612089883
2006	31.89129467384486
2019	30.281775435461967
1995	15.857525255092778
1995	6.481482429728384
2006	31.311785437022017
2008	33.88236111830818
2011	-7.059916519340811
1998	2.5964256464162485
2016	-6.495623877489711
2000	0.7942222146329208
1995	22.956368071244377
2013	1.5759021521256997
1997	28.274940512484704
2003	5.989924114355885
1999	-2.9228929401492323
2022	30.468959840936336
1994	1.7574261790592711
2008	-6.3367991490350075
1994	27.981176536940914
1992	-6.8796567866356595
1997	-0.5946386459575539
2010	17.18924414040003
2016	4.853677971000689
2004	29.128224339063912
1992	22.388047392227534
2013	4.071801901790954
2021	-6.402686969058099
2010	-5.452906378535696
1998	21.514653727048476
2004	14.765618882552925
2016	11.371225209061596
2007	9.036411343738003
2002	-4.768337861508317
1990	6.9971929773838575
1990	26.664270374496013
2017	7.65053302254994
1993	37.23685766204652
2001	3.63852593383465
1990	-5.576797294779653
1995	14.186002955732626
2014	19.494474879539972
2020	15.912059452319792
1991	38.4564383528199
2016	30.615694469628153
2017	-2.8577553850857997
2010	34.08687902948149
1991	15.716700270942038
1996	28.80269230206649
2010	15.658166630883144
1991	16.860234389723352
2008	-6.869378854715843
2018	0.5831512771053742
1998	32.03169836516971
1990	-1.2226851495874342
2002	38.492217050932794
1993	32.10019013905867
1999	14.364900672367813
2019	21.771788362232904
2009	-4.229556525099251
2019	3.0655062315795547
1992	30.203364971556823
2001	12.37105426095188
2009	28.554081709251626
2007	2.320739434577943
2009	-9.495425871017007
1990	33.744167233724774
2016	6.087422659854845
2016	18.973122485869197
2013	20.581780050489606
1997	33.77997611903677
1994	37.538082668742135
1999	1.7583608919502591
2012	25.602751309284287
2008	-8.985053049866
2012	33.261548391063585
1997	2.9108754321944748
1992	2.561380068181455
2010	-4.466323939117469
1999	36.00627790655999
1992	5.797848939516058
1992	13.331246817322722
2009	-9.03620364111605
2006	-5.091778866641041
2021	-6.084741343180108
2017	10.836641095590856
2005	31.1520364526249
2004	-9.572134403482316
2010	25.776660787798228
2005	-6.2305373705511276
1996	-8.846557693043579
1992	-9.87764069208016
1999	10.906990829483028
2014	27.2011381905891
2017	18.187994042781128
1997	-1.8986536419759634
2011	-8.256315621365935
2012	5.522992705209804
1990	32.9782725657915
2018	37.032780248224235
1996	-3.7927210239804747
1999	22.257378379346477
2006	27.417066030364083
2008	9.93499634191252
1999	27.39374961234038
2008	26.773621900004756
2009	25.61654075086303
2009	2.263846849183574
2022	-5.684818030487984
2015	14.058248451435404
1991	-6.655227399758964
2009	-4.661541539327187
2019	30.525728977450548
1999	38.16429114422424
2016	12.944815919427867
1996	18.21940869418081
2013	2.845421424038223
2013	17.48955082459753
1998	19.4743703677181
1990	7.281412947354891
2007	13.420516190971423
2017	38.90246904674234
2019	-8.975752286775782
1997	30.0511086493121
1996	15.297412738710705
2005	20.182464271558786
1994	35.992827402673406
2005	9.35517639798643
1992	15.251978767190366
2010	22.63658388079871
2009	35.789118252408116
2007	3.5287516798984484
2004	-3.5249554871952267
2015	16.736059792350414
2000	26.94330145828887
2010	27.280757562055186
2021	-3.295595668156695
2018	12.610539843041966
1999	0.5120042529086852
1990	-0.2825335303937546
2008	5.0547629708845
2014	20.0184919586618
2022	24.220626749164225
2002	35.22155482471054
2000	16.492027236888898
2018	9.962847831464785
2012	25.84793213303486
2017	32.020375792305074
1991	39.522268695274704
2015	2.048204178638306
2006	24.318355248391654
1997	35.16833809844339
2015	-2.4499498548421723
2010	26.258077599823046
2002	24.13053304668611
1998	-4.758423964573008
2000	30.197169288424178
2008	-0.40655900130977685
1999	38.39183319006811
2015	19.9484680884456
2009	-5.019503557838897
1999	3.1465756964206157
1998	30.08644158646483
1998	11.774565165595554
2001	27.368219629297087
2005	25.123961125052155
1996	33.4877234703577
2005	25.981058259478104
2008	4.772491219729867
1998	-6.156225417167251
2016	26.333726294901098
1998	20.302601810545106
2018	31.75860192137562
1993	19.13807006853005
2019	30.70175818683456
2010	19.46183684164551
1998	19.164017510550742
1992	13.49334941579102
2002	-5.063948288695976
2021	23.178245325200187
2005	4.72741533251536
2005	-7.943573790051941
2013	36.40975472872399
2019	6.939863338609289
2019	19.350672487749037
2011	37.93150615782334
2000	11.926802684142743
2020	35.61317542362352
2014	23.73515892773456
2012	31.078731255825637
1992	18.680620698781574
2001	17.574607366879267
2016	-7.727887891199145
1994	22.258454632235356
1992	9.099881837912651
1997	16.12860380887947
2003	-2.2553149569731223
2002	11.544560816266344
2018	1.2577491895955397
2002	30.353651259763616
2014	7.383760254287878
1992	30.397670430323082
2018	24.093790901306527
2014	-7.741851388199613
2007	9.143480897650981
1998	27.66962088166477
2019	29.911215748733675
2010	1.6420925374012558
2003	28.391779443948046
2014	5.326400406589736
2014	18.595468453447815
1996	-6.470636273079485
1993	17.022569743712538
2014	8.883080129417571
2020	5.27009915237651
2015	15.735657564443159
2020	18.84282119942781
2012	0.40946528945129756
2009	33.029865118181036
1998	11.662173487572456
2007	38.375360005744504
2005	-5.437651461300249
2011	37.88488179820703
2019	8.194581178699355
1994	35.076933741137076
2006	34.06510571767942
2002	6.895733668096764
2013	-9.46420867276614
2011	8.055476832696343
2010	29.431359425653845
2005	20.683222199513555
1994	34.15889255889361
2009	0.8414479026328454
1994	20.775234190924277
2020	2.4897336891281014
2000	20.385436357957378
2016	14.606306631364621
2005	34.63092753517227
2002	1.813636217629469
1997	25.111621270858947
1996	17.06766890284975
2005	23.06382585837541
2011	11.553417675931186
2009	21.658316907464553
2003	-2.2506103171242486
2000	-5.8905982528487915
2018	14.47503978183007
2007	17.833512094532676
1990	4.996759942163058
2010	28.05483655493928
2000	19.22681300354129
2010	30.77082521532749
2007	34.12941115064103
2013	-6.407478334831842
1993	23.43598357712858
2017	26.8975082017377
2018	15.247229087904259
2022	33.65372741257005
2008	4.951081175171799
2009	37.78224901657077
